00
00
00
00
00
00
00
00
00
00
00
00
00
00
00
00
00
00
00
00
00
00
00
00
00
0c
1e
3e
7c
3e
1e
0c
00
18
3c
7e
7e
3c
18
00
00
18
5c
7e
7e
5c
18
00
00
18
18
5e
66
5e
18
18
00
00
00
00
00
00
00
00
00
00
00
00
00
00
00
00
00
00
00
00
00
00
00
00
00
00
00
00
00
00
00
00
00
00
00
00
00
00
00
00
00
00
00
00
00
00
00
00
00
00
00
00
00
00
00
00
00
00
00
00
00
00
00
00
00
00
00
00
00
00
00
00
00
00
00
00
00
00
00
00
00
00
00
00
00
00
00
00
00
00
00
00
00
00
00
00
00
00
00
00
00
00
00
00
00
00
00
00
00
00
00
00
00
00
00
00
00
00
00
00
00
00
00
00
00
00
00
00
00
00
00
00
00
00
00
00
00
00
00
00
00
00
00
00
00
00
00
00
00
00
00
00
00
00
00
00
00
00
00
00
00
00
00
00
00
00
00
00
00
00
00
00
00
00
00
00
00
00
00
00
00
00
00
00
00
00
00
00
00
00
00
00
00
00
00
00
00
00
00
00
00
00
00
00
00
00
00
00
00
00
00
5e
5e
00
00
00
00
0e
0e
00
00
0e
0e
00
24
7e
7e
24
24
7e
7e
24
00
24
2e
6b
6b
3a
12
00
00
66
36
18
0c
66
62
00
00
30
7a
4f
5d
37
72
50
00
00
00
0e
0e
00
00
00
00
00
00
3c
7e
66
42
00
00
42
66
7e
3c
00
00
00
08
2a
3e
1c
1c
3e
2a
08
00
08
08
3e
3e
08
08
00
00
00
80
e0
60
00
00
00
00
08
08
08
08
08
08
00
00
00
00
60
60
00
00
00
00
60
30
18
0c
06
02
00
00
3c
7e
52
4a
7e
3c
00
00
40
44
7e
7e
40
40
00
00
44
66
72
5a
4e
44
00
00
22
62
4a
5e
76
22
00
00
30
38
2c
7e
7e
20
00
00
2e
6e
4a
4a
7a
32
00
00
3c
7e
4a
4a
7a
30
00
00
02
62
72
1a
0e
06
00
00
34
7e
4a
4a
7e
34
00
00
04
4e
4a
6a
3e
1c
00
00
00
00
6c
6c
00
00
00
00
00
80
ec
6c
00
00
00
00
00
08
1c
36
63
41
00
00
24
24
24
24
24
24
00
00
41
63
36
1c
08
00
00
00
04
06
52
5a
0e
04
00
00
3c
7e
42
5a
5e
5c
00
00
78
7c
26
26
7c
78
00
00
7e
7e
4a
4a
7e
34
00
00
3c
7e
42
42
66
24
00
00
7e
7e
42
66
3c
18
00
00
7e
7e
4a
4a
4a
42
00
00
7e
7e
0a
0a
0a
02
00
00
3c
7e
42
52
72
72
00
00
7e
7e
08
08
7e
7e
00
00
42
42
7e
7e
42
42
00
00
20
60
40
40
7e
3e
00
00
7e
7e
18
3c
66
42
00
00
7e
7e
40
40
40
40
00
00
7e
7e
0c
18
0c
7e
7e
00
7e
7e
1c
38
7e
7e
00
00
3c
7e
42
42
7e
3c
00
00
7e
7e
12
12
1e
0c
00
00
3c
7e
42
22
7e
5c
00
00
7e
7e
12
32
7e
4c
00
00
04
4e
4a
4a
7a
30
00
00
02
02
7e
7e
02
02
00
00
7e
7e
40
40
7e
7e
00
00
1e
3e
60
60
3e
1e
00
00
7e
7e
30
18
30
7e
7e
00
66
7e
18
18
7e
66
00
00
06
0e
78
78
0e
06
00
00
62
72
5a
4e
46
42
00
00
00
00
7e
7e
42
42
00
00
06
0c
18
30
60
40
00
00
42
42
7e
7e
00
00
00
00
10
18
0c
06
0c
18
10
40
40
40
40
40
40
40
40
00
00
00
00
00
00
00
00
00
20
74
54
54
7c
78
00
00
7e
7e
48
48
78
30
00
00
38
7c
44
44
44
00
00
00
30
78
48
48
7e
7e
00
00
38
7c
54
54
5c
18
00
00
00
08
7c
7e
0a
0a
00
00
98
bc
a4
a4
fc
7c
00
00
7e
7e
08
08
78
70
00
00
00
48
7a
7a
40
00
00
00
00
80
80
80
fa
7a
00
00
7e
7e
10
38
68
40
00
00
00
42
7e
7e
40
00
00
00
7c
7c
18
38
1c
7c
78
00
7c
7c
04
04
7c
78
00
00
38
7c
44
44
7c
38
00
00
fc
fc
24
24
3c
18
00
00
18
3c
24
24
fc
fc
00
00
7c
7c
04
04
0c
08
00
00
48
5c
54
54
74
24
00
00
04
04
3e
7e
44
44
00
00
3c
7c
40
40
7c
7c
00
00
1c
3c
60
60
3c
1c
00
00
1c
7c
70
38
70
7c
1c
00
44
6c
38
38
6c
44
00
00
9c
bc
a0
e0
7c
3c
00
00
44
64
74
5c
4c
44
00
00
00
00
00
00
00
00
00
00
00
00
ff
ff
00
00
00
00
00
00
00
00
00
00
00
00
00
00
00
00
00
00
00
00
00
00
00
00
00
00
00
00
00
00
00
00
00
00
00
00
00
00
00
00
00
00
00
00
00
00
00
00
00
00
00
00
00
00
00
00
00
00
00
00
00
00
00
00
00
00
00
00
00
00
00
00
00
00
00
00
00
00
00
00
00
00
00
00
00
00
00
00
00
00
00
00
00
00
00
00
00
00
00
00
00
00
00
00
00
00
00
00
00
00
00
00
00
00
00
00
00
00
00
00
00
00
00
00
00
00
00
00
00
00
00
00
00
00
00
00
00
00
00
00
00
00
00
00
00
00
00
00
00
00
00
00
00
00
00
00
00
00
00
00
00
00
00
00
00
00
00
00
00
00
00
00
00
00
00
00
00
00
00
00
00
00
00
00
00
00
00
00
00
00
00
00
00
00
00
00
00
00
00
00
00
00
00
00
00
00
00
00
00
00
00
00
00
00
00
00
00
00
00
00
00
00
00
00
00
00
00
00
00
00
00
00
00
00
00
00
00
00
00
00
00
00
00
00
00
00
00
00
00
00
00
00
00
00
00
00
00
00
00
00
00
00
00
00
00
00
00
00
00
00
00
00
00
00
00
00
00
00
00
00
00
00
00
00
00
00
00
00
00
00
00
00
00
00
00
00
00
00
00
00
00
00
00
00
00
00
00
00
00
00
00
00
00
00
00
00
00
00
00
00
00
00
00
00
00
00
00
00
00
00
00
00
00
00
00
00
00
00
00
00
00
00
00
00
00
00
00
